0 27 42
0 20 52
0 25 5
0 19 67
0 17 21
0 24 69
0 28 32
0 33 72
0 29 29
0 22 52
0 23 32
0 4 46
1 28 42
1 21 53
1 26 6
1 19 68
1 18 21
1 25 69
1 29 32
1 34 72
1 30 29
1 23 52
1 22 31
1 5 46
2 22 53
2 27 6
2 18 69
2 13 3
2 19 21
2 26 69
2 30 32
2 35 72
2 31 29
2 6 47
3 23 53
3 28 6
3 17 70
3 14 4
3 20 32
3 18 22
3 27 69
3 31 32
3 34 71
3 32 29
3 7 48
4 28 7
4 17 69
4 15 4
4 17 23
4 31 33
4 8 49
5 24 55
5 29 8
5 16 70
5 18 23
5 27 68
5 31 34
5 35 71
5 21 54
5 9 49
5 10 65
5 8 76
6 25 56
6 30 8
6 15 70
6 15 5
6 18 24
6 32 35
6 34 70
6 20 55
6 10 49
6 11 65
6 9 76
7 26 57
7 31 8
7 14 70
7 16 5
7 19 35
7 19 25
7 27 67
7 33 35
7 19 55
7 11 49
7 10 66
8 27 57
8 32 8
8 13 71
8 17 5
8 18 25
8 26 66
8 34 35
8 35 70
8 18 55
8 23 28
8 12 49
8 11 67
9 28 58
9 32 7
9 14 72
9 18 5
9 25 67
9 34 69
9 24 28
9 13 49
9 12 67
10 29 58
10 33 7
10 13 73
10 17 6
10 30 7
10 26 67
10 36 35
10 33 70
10 35 27
10 24 29
10 14 50
10 13 67
11 30 59
11 32 6
11 18 7
11 31 6
11 33 71
11 36 28
11 23 30
11 13 51
11 14 67
11 6 2
12 31 59
12 33 6
12 19 7
12 30 5
12 18 38
12 24 67
12 32 72
12 23 31
12 13 52
12 15 67
12 7 3
12 26 59
13 32 59
13 34 6
13 20 7
13 31 5
13 19 38
13 25 68
13 38 27
13 22 30
13 13 53
13 16 68
13 8 3
13 27 60
14 31 60
14 34 5
14 11 70
14 21 7
14 32 5
14 26 68
14 33 74
14 37 28
14 12 55
14 21 31
14 12 53
14 17 68
14 28 61
15 30 60
15 33 4
15 10 71
15 32 4
15 33 75
15 38 29
15 11 55
15 20 32
15 11 53
15 18 68
15 9 3
15 29 61
16 30 62
16 34 4
16 10 72
16 21 6
16 32 3
16 16 22
16 27 68
16 33 76
16 10 56
16 11 54
16 18 67
16 8 2
16 30 62
17 29 62
17 33 3
17 11 73
17 33 3
17 26 69
17 34 77
17 10 57
17 20 33
17 10 52
17 17 66
17 9 2
17 31 63
18 29 62
18 32 2
18 32 2
18 35 78
18 37 26
18 20 33
18 18 65
18 30 64
19 29 63
19 32 1
19 32 1
19 27 69
19 35 79
19 38 26
19 19 32
19 18 64
19 10 2
19 31 65
20 29 64
20 33 0
20 9 71
20 33 0
20 16 19
20 28 70
20 34 79
20 37 25
20 9 59
20 21 35
20 19 64
20 34 79
20 10 2
20 32 66
21 29 65
21 32 76
21 29 5
21 29 70
21 32 76
21 38 25
21 9 60
21 20 35
21 22 15
21 18 63
21 32 76
21 10 1
21 33 67
22 30 66
22 32 76
22 29 5
22 18 18
22 32 76
22 37 24
22 10 61
22 23 15
22 17 62
22 21 62
22 32 76
22 33 68
23 31 66
23 32 76
23 29 5
23 19 18
23 31 69
23 32 76
23 38 24
23 11 61
23 20 35
23 24 15
23 16 61
23 22 63
23 32 76
23 33 69
23 9 10
24 32 67
24 32 76
24 29 5
24 20 35
24 18 17
24 32 76
24 12 62
24 25 16
24 17 61
24 23 63
24 32 76
24 6 3
24 32 70
24 10 11
25 31 68
25 33 76
25 23 78
25 29 5
25 19 17
25 32 69
25 33 76
25 13 63
25 20 35
25 26 17
25 16 60
25 24 63
25 33 76
25 6 3
25 11 11
26 30 67
26 33 76
26 29 5
26 20 17
26 31 70
26 33 76
26 37 23
26 14 63
26 27 17
26 17 60
26 25 63
26 33 76
26 4 3
26 32 71
26 12 12
27 34 77
27 29 5
27 22 29
27 21 17
27 34 77
27 13 64
27 27 18
27 18 60
27 25 64
27 34 77
27 13 12
28 31 67
28 33 76
28 29 5
28 23 29
28 20 16
28 33 76
28 27 19
28 19 60
28 26 65
28 33 76
28 3 2
28 32 71
28 14 12
29 32 76
29 29 5
29 19 16
29 32 76
29 26 20
29 20 61
29 27 65
29 32 76
29 21 61
29 15 12
30 33 75
30 22 74
30 29 5
30 18 16
30 31 77
30 37 20
30 13 61
30 25 21
30 20 62
30 33 75
30 20 62
30 16 12
31 32 75
31 29 5
31 17 17
31 31 78
31 36 21
31 12 63
31 24 22
31 21 63
31 27 66
31 32 75
31 21 60
32 30 70
32 33 76
32 24 73
32 29 5
32 18 18
32 30 78
32 37 22
32 12 63
32 25 23
32 22 64
32 33 76
32 2 0
32 19 61
33 30 70
33 32 76
33 29 5
33 19 18
33 29 78
33 36 23
33 11 64
33 24 24
33 23 64
33 32 76
33 19 61
33 15 14
34 32 75
34 12 73
34 26 72
34 28 6
34 19 17
34 28 79
34 36 24
34 11 63
34 24 65
34 26 68
34 31 76
34 17 59
35 32 75
35 13 74
35 27 72
35 29 5
35 17 19
35 36 25
35 11 62
35 20 24
35 24 23
35 25 65
35 27 68
35 30 75
35 1 79
35 17 59
36 32 75
36 12 75
36 28 72
36 30 5
36 17 19
36 27 0
36 11 60
36 19 25
36 23 24
36 27 69
36 31 75
36 16 59
37 30 70
37 33 75
37 12 76
37 29 72
37 30 5
37 18 20
37 11 60
37 18 25
37 27 70
37 30 75
37 15 58
38 32 75
38 13 77
38 30 72
38 29 5
38 22 23
38 19 21
38 28 66
38 27 0
38 9 66
38 17 25
38 13 33
38 25 23
38 24 66
38 28 71
38 31 75
38 16 58
39 32 76
39 14 77
39 31 72
39 28 6
39 23 23
39 18 22
39 9 66
39 16 26
39 14 34
39 25 66
39 29 71
39 32 75
39 4 77
39 15 57
39 3 22
40 33 76
40 15 77
40 28 7
40 24 24
40 18 23
40 27 0
40 9 66
40 16 27
40 24 21
40 25 67
40 33 76
40 5 77
40 16 56
40 4 22
41 32 76
41 16 77
41 31 73
41 28 8
41 18 24
41 27 0
41 9 66
41 15 28
41 13 34
41 25 21
41 24 68
41 28 73
41 32 76
41 5 78
41 17 56
41 4 23
42 33 75
42 17 77
42 32 73
42 28 9
42 17 24
42 9 66
42 14 29
42 24 20
42 25 69
42 29 73
42 31 76
42 4 79
42 17 57
42 4 24
43 33 75
43 17 78
43 33 73
43 29 10
43 28 65
43 9 66
43 14 30
43 25 20
43 26 69
43 29 74
43 30 75
43 18 58
43 3 24
44 32 74
44 18 79
44 33 74
44 23 19
44 17 23
44 27 1
44 9 67
44 25 19
44 26 70
44 29 75
44 29 76
44 4 78
44 15 55
44 2 24
45 33 75
45 19 79
45 33 75
45 23 19
45 10 68
45 26 19
45 27 71
45 28 76
45 28 76
45 15 55
45 16 16
45 2 23
46 32 75
46 20 0
46 32 75
46 23 18
46 17 22
46 11 68
46 14 28
46 26 18
46 26 71
46 28 75
46 15 55
46 17 17
46 2 22
47 33 76
47 21 1
47 33 76
47 31 6
47 24 17
47 24 69
47 30 59
47 13 68
47 13 29
47 25 17
47 26 72
47 13 14
47 18 55
47 18 17
47 1 21
48 21 2
48 34 77
48 32 6
48 23 16
48 17 21
48 24 69
48 13 68
48 13 30
48 24 16
48 27 72
48 12 15
48 18 55
48 19 18
48 1 20
49 22 3
49 33 6
49 23 15
49 16 22
49 24 69
49 15 68
49 23 15
49 27 73
49 27 75
49 12 16
49 18 55
49 24 69
49 19 17
49 2 20
50 32 1
50 23 4
50 34 6
50 24 15
50 25 70
50 15 68
50 24 15
50 27 74
50 27 76
50 13 17
50 19 55
50 25 70
50 20 17
50 2 19
51 24 4
51 33 7
51 25 16
51 16 21
51 15 69
51 25 16
51 26 75
51 14 17
51 20 55
51 24 70
51 21 17
51 3 19
52 32 1
52 25 5
52 32 7
52 23 14
52 24 70
52 32 74
52 17 68
52 22 14
52 25 76
52 14 18
52 10 71
52 20 54
52 24 70
52 20 16
52 4 19
52 10 48
53 25 6
53 23 14
53 15 21
53 25 71
53 17 69
53 22 14
53 24 77
53 26 74
53 15 18
53 21 54
53 25 71
53 19 17
53 5 19
53 12 12
53 10 49
54 22 13
54 15 22
54 16 68
54 21 15
54 24 78
54 25 75
54 25 75
54 16 18
54 20 53
54 19 18
54 6 20
54 13 13
54 12 76
54 11 50
55 33 6
55 23 13
55 16 23
55 17 68
55 20 15
55 24 79
55 24 76
55 25 74
55 17 18
55 18 46
55 18 18
55 7 21
55 12 13
55 13 77
55 12 50
56 23 5
56 32 5
56 24 13
56 16 24
56 18 68
56 20 16
56 23 77
56 24 74
56 17 19
56 18 47
56 22 52
56 17 19
56 8 21
56 11 13
56 14 78
56 13 50
57 32 2
57 31 5
57 25 13
57 16 25
57 33 72
57 19 68
57 20 17
57 23 75
57 18 20
57 14 68
57 19 48
57 23 52
57 17 17
57 9 21
57 10 14
57 15 79
57 15 49
58 33 3
58 23 6
58 31 6
58 26 13
58 15 26
58 19 17
58 23 76
58 23 76
58 19 21
58 15 68
58 18 49
58 24 52
58 18 17
58 10 21
58 10 15
58 16 79
58 15 49
59 33 4
59 24 6
59 32 6
59 27 13
59 15 27
59 33 71
59 19 67
59 19 18
59 18 22
59 16 68
59 19 50
59 25 52
59 19 18
59 11 21
59 10 16
59 17 79
59 16 49
60 34 5
60 25 7
60 33 6
60 28 14
60 14 27
60 24 73
60 18 18
60 24 73
60 23 73
60 17 22
60 17 68
60 24 53
60 18 18
60 12 21
60 10 17
60 18 0
60 17 49
61 32 4
61 26 7
61 31 6
61 29 14
61 13 28
61 17 70
61 17 17
61 16 23
61 17 70
61 19 51
61 17 17
61 13 21
61 11 18
61 19 1
61 16 50
62 32 5
62 27 7
62 32 5
62 30 14
62 12 29
62 34 69
62 16 18
62 34 69
62 15 23
62 17 70
62 11 0
62 19 17
62 14 21
62 12 18
62 20 2
62 16 48
63 31 5
63 28 7
63 32 7
63 31 14
63 19 68
63 17 18
63 14 24
63 19 51
63 26 60
63 12 0
63 20 17
63 15 21
63 13 19
63 21 3
63 16 48
64 31 6
64 29 8
64 32 8
64 32 14
64 18 18
64 15 24
64 27 61
64 10 1
64 28 52
64 21 17
64 16 21
64 14 20
64 15 47
65 30 7
65 30 8
65 33 7
65 33 14
65 17 19
65 16 24
65 19 51
65 26 62
65 10 2
65 29 53
65 20 16
65 17 21
65 15 20
65 16 47
66 31 8
66 31 8
66 31 8
66 34 15
66 31 67
66 16 19
66 13 5
66 14 23
66 25 63
66 9 3
66 19 16
66 18 21
66 15 19
67 29 9
67 29 9
67 32 6
67 34 16
67 17 18
67 10 52
67 13 5
67 14 23
67 8 3
67 29 54
67 18 16
67 16 22
67 17 18
67 25 1
68 29 8
68 29 10
68 33 6
68 35 17
68 29 65
68 16 17
68 10 52
68 23 79
68 14 6
68 13 24
68 7 3
68 16 17
68 16 22
68 16 20
68 33 3
68 26 1
69 29 8
69 29 11
69 34 6
69 34 18
69 15 17
69 10 52
69 24 0
69 15 6
69 13 25
69 26 59
69 6 3
69 16 16
69 18 24
69 15 19
69 34 4
69 27 1
70 28 9
70 28 11
70 32 4
70 35 19
70 29 64
70 15 18
70 10 52
70 23 1
70 16 6
70 14 26
70 25 60
70 5 2
70 15 16
70 18 24
70 15 20
70 32 4
70 28 2
71 28 10
71 27 12
71 32 4
71 36 20
71 28 65
71 14 18
71 10 52
71 12 25
71 6 2
71 14 16
71 17 24
71 16 20
71 32 4
71 28 3
72 27 11
72 26 11
72 32 5
72 35 20
72 13 17
72 11 52
72 12 25
72 6 1
72 14 17
72 18 25
72 15 21
72 34 5
72 28 4
73 26 10
73 25 12
73 33 6
73 34 20
73 12 17
73 12 52
73 15 8
73 11 26
73 7 1
73 15 17
73 16 23
73 15 22
73 33 6
73 29 5
74 27 10
74 26 13
74 31 6
74 33 21
74 11 18
74 11 51
74 12 27
74 8 1
74 16 16
74 19 25
74 16 23
74 32 4
74 30 5
75 26 9
75 27 14
75 33 7
75 33 20
75 12 19
75 10 50
75 10 26
75 9 2
75 28 58
75 15 16
75 21 24
75 14 22
75 32 4
75 31 6
76 27 9
76 28 15
76 30 7
76 32 19
76 13 20
76 9 52
76 14 10
76 10 26
76 10 26
76 10 2
76 28 58
76 16 16
76 21 24
76 14 22
76 32 3
76 30 7
77 26 8
77 29 15
77 32 8
77 33 19
77 14 20
77 9 52
77 15 10
77 9 25
77 9 25
77 9 3
77 17 17
77 22 25
77 13 23
77 33 3
77 32 8
78 27 8
78 30 15
78 32 7
78 34 19
78 14 21
78 9 53
78 16 10
78 8 24
78 11 25
78 8 4
78 28 58
78 18 18
78 23 26
78 12 23
78 32 3
78 32 7
79 28 8
79 31 15
79 31 6
79 33 18
79 13 22
79 8 52
79 17 11
79 7 23
79 11 25
79 7 3
79 17 18
79 24 26
79 11 24
79 33 4
79 31 6
80 27 7
80 32 16
80 30 5
80 32 18
80 13 51
80 12 22
80 7 53
80 18 12
80 8 23
80 11 23
80 8 3
80 16 19
80 25 26
80 11 23
80 32 2
80 30 5
81 21 54
81 26 7
81 33 16
81 31 5
81 31 17
81 23 73
81 7 54
81 19 12
81 10 22
81 9 3
81 16 20
81 26 26
81 32 2
81 31 5
82 20 54
82 25 8
82 34 17
82 32 5
82 32 17
82 13 22
82 7 56
82 20 12
82 10 22
82 8 2
82 17 21
82 27 26
82 10 22
82 32 1
82 32 5
83 20 53
83 24 9
83 33 17
83 32 4
83 33 17
83 13 23
83 7 56
83 21 13
83 30 70
83 9 2
83 18 20
83 27 27
83 33 0
83 32 4
84 21 53
84 25 10
84 31 16
84 33 4
84 31 16
84 11 22
84 22 14
84 30 71
84 30 54
84 10 2
84 17 19
84 28 28
84 11 22
84 33 79
84 32 6
85 20 52
85 25 11
85 33 15
85 34 4
85 30 17
85 13 24
85 23 14
85 31 54
85 10 1
85 17 18
85 29 29
85 34 79
85 32 7
86 24 12
86 33 15
86 34 5
86 29 17
86 24 15
86 12 31
86 10 0
86 17 17
86 30 29
86 11 20
86 35 79
86 32 8
87 25 13
87 31 13
87 33 7
87 29 16
87 14 24
87 25 16
87 32 54
87 12 31
87 11 0
87 18 17
87 30 30
87 12 20
87 35 78
87 33 7
88 8 20
88 26 13
88 31 13
88 33 6
88 30 16
88 15 23
88 26 17
88 33 69
88 33 52
88 12 31
88 12 31
88 12 0
88 18 16
88 31 31
88 11 19
88 34 77
88 33 6
89 8 19
89 27 13
89 32 13
89 32 7
89 28 14
89 4 46
89 16 74
89 16 24
89 27 18
89 33 52
89 15 34
89 12 34
89 12 1
89 19 16
89 32 31
89 10 19
89 33 76
89 32 7
90 9 19
90 28 13
90 30 13
90 32 6
90 28 14
90 3 47
90 15 75
90 18 22
90 27 19
90 32 51
90 15 34
90 12 34
90 10 1
90 19 17
90 32 30
90 9 19
90 32 76
90 32 6
91 8 18
91 29 14
91 30 13
91 33 4
91 29 14
91 2 46
91 16 76
91 18 22
91 26 20
91 15 34
91 12 34
91 10 1
91 18 18
91 33 30
91 9 18
91 31 75
91 33 4
92 7 17
92 27 14
92 29 12
92 33 4
92 27 14
92 3 46
92 17 77
92 18 21
92 25 20
92 15 34
92 13 35
92 9 2
92 19 18
92 34 30
92 10 18
92 32 75
92 33 4
93 6 18
93 26 14
93 28 11
93 34 5
93 26 14
93 3 45
93 17 78
93 19 21
93 24 21
93 15 34
93 14 35
93 8 2
93 18 17
93 35 31
93 9 17
93 33 75
93 34 5
94 5 18
94 15 57
94 25 14
94 33 6
94 4 45
94 18 79
94 18 20
94 24 22
94 15 35
94 15 35
94 7 3
94 17 17
94 36 31
94 6 17
94 32 74
94 33 6
95 4 18
95 18 60
95 33 7
95 5 45
95 17 79
95 17 21
95 25 23
95 16 36
95 15 36
95 6 3
95 17 17
95 37 31
95 6 17
95 33 74
95 34 4
96 5 17
96 18 60
96 32 6
96 6 45
96 16 21
96 24 24
96 17 36
96 16 37
96 5 2
96 18 17
96 38 32
96 6 17
96 33 3
97 7 16
97 18 60
97 27 12
97 33 6
97 16 79
97 15 77
97 15 22
97 25 25
97 18 36
97 17 37
97 6 2
97 3 24
97 17 18
97 38 33
97 7 16
97 31 73
97 32 3
98 5 20
98 19 60
98 30 8
98 34 6
98 5 44
98 14 78
98 14 23
98 24 25
98 19 36
98 17 38
98 6 1
98 3 22
98 18 18
98 38 34
98 5 20
98 31 73
98 32 2
99 5 20
99 19 61
99 32 7
99 15 79
99 4 44
99 14 77
99 15 24
99 4 4
99 23 24
99 20 37
99 7 1
99 3 22
99 15 21
99 37 35
99 5 20
99 31 5
100 5 20
100 32 7
100 16 0
100 14 78
100 14 24
100 4 5
100 22 23
100 21 37
100 8 1
100 4 20
100 15 21
100 37 36
100 5 20
100 31 5
101 4 20
101 17 61
101 14 79
101 25 36
101 13 24
101 4 6
101 23 23
101 22 37
101 19 37
101 9 0
101 4 20
101 16 19
101 36 37
101 4 20
101 31 5
102 8 22
102 17 0
102 12 79
102 26 36
102 11 22
102 5 7
102 24 23
102 23 37
102 20 38
102 9 79
102 8 22
102 16 20
102 37 38
102 8 22
103 8 22
103 32 8
103 32 8
103 12 79
103 26 37
103 11 22
103 6 7
103 22 26
103 14 22
103 24 37
103 21 38
103 9 79
103 8 22
103 17 21
103 38 38
103 8 22
103 32 8
104 8 22
104 17 60
104 30 7
104 3 43
104 12 79
104 17 60
104 27 35
104 10 22
104 5 8
104 26 27
104 13 21
104 23 38
104 22 38
104 9 79
104 8 22
104 18 20
104 38 39
104 8 22
105 7 22
105 31 6
105 17 0
105 5 44
105 12 77
105 27 35
105 9 23
105 6 9
105 26 27
105 14 21
105 23 39
105 23 39
105 10 79
105 7 22
105 17 19
105 36 38
105 9 22
105 31 6
106 7 22
106 31 6
106 31 8
106 5 44
106 13 77
106 26 34
106 8 24
106 7 10
106 26 27
106 15 21
106 22 39
106 22 39
106 11 79
106 7 22
106 16 19
106 36 38
106 8 23
106 31 6
107 7 23
107 31 6
107 31 8
107 5 44
107 13 78
107 26 33
107 9 25
107 7 11
107 27 28
107 14 20
107 21 40
107 21 40
107 12 79
107 7 23
107 15 20
107 7 23
107 31 6
108 10 26
108 30 7
108 32 8
108 5 44
108 27 33
108 10 26
108 4 8
108 28 29
108 13 21
108 22 41
108 11 21
108 15 19
108 35 39
108 11 21
108 31 5
109 11 22
109 17 60
109 28 10
109 28 10
109 5 44
109 24 53
109 28 34
109 13 28
109 4 8
109 29 29
109 13 22
109 11 21
109 14 18
109 11 22
109 32 4
110 11 25
110 28 10
110 30 5
110 5 44
110 27 34
110 11 25
110 4 8
110 30 29
110 12 21
110 11 21
110 15 18
110 35 39
110 11 22
110 32 3
111 11 24
111 28 10
111 30 5
111 5 44
111 23 52
111 11 76
111 18 58
111 28 33
111 11 24
111 4 8
111 31 29
111 11 21
111 9 77
111 11 21
111 16 18
111 11 23
111 33 3
112 13 28
112 29 11
112 31 6
112 14 76
112 5 44
112 22 52
112 24 73
112 27 32
112 13 28
112 3 8
112 32 29
112 11 20
112 20 35
112 11 20
112 17 18
112 34 40
112 11 20
112 34 4
113 13 28
113 28 11
113 30 5
113 14 76
113 5 44
113 21 52
113 28 32
113 13 28
113 2 7
113 33 29
113 12 20
113 18 35
113 24 45
113 8 77
113 12 22
113 18 18
113 12 22
113 34 5
114 11 25
114 27 12
114 29 5
114 5 44
114 21 51
114 12 75
114 27 31
114 11 25
114 3 7
114 34 30
114 13 21
114 18 35
114 25 45
114 10 78
114 12 22
114 17 17
114 12 22
114 33 6
115 11 24
115 19 51
115 28 13
115 28 5
115 14 76
115 5 44
115 19 51
115 22 74
115 26 32
115 11 24
115 4 7
115 35 30
115 13 22
115 16 38
115 25 46
115 11 51
115 11 24
115 18 17
115 13 22
115 15 11
115 29 9
116 12 23
116 19 51
116 27 6
116 14 76
116 5 44
116 19 51
116 23 75
116 11 73
116 11 55
116 26 30
116 12 23
116 5 7
116 36 30
116 14 23
116 16 38
116 26 47
116 10 77
116 19 40
116 11 50
116 12 23
116 19 17
116 12 23
116 16 11
116 32 6
117 15 28
117 19 50
117 26 6
117 14 76
117 5 44
117 19 50
117 24 76
117 12 73
117 26 30
117 13 28
117 6 7
117 37 30
117 15 28
117 16 38
117 27 48
117 10 78
117 20 41
117 12 50
117 13 16
117 20 17
117 15 17
117 17 11
117 29 9
118 13 25
118 18 49
118 27 11
118 25 7
118 13 77
118 5 44
118 18 49
118 13 73
118 26 30
118 13 25
118 5 8
118 38 30
118 13 25
118 16 38
118 27 49
118 11 78
118 21 42
118 13 25
118 21 17
118 13 25
118 18 11
118 29 9
119 13 24
119 17 49
119 24 8
119 14 77
119 5 44
119 17 49
119 26 30
119 13 24
119 4 8
119 37 29
119 13 24
119 16 38
119 26 50
119 12 79
119 22 42
119 13 24
119 20 16
119 13 24
119 19 11
119 29 9
