0 27 42
0 20 52
0 25 5
0 19 67
0 17 21
0 24 69
0 28 32
0 33 72
0 29 29
0 22 52
0 23 32
0 4 46
1 28 42
1 21 53
1 26 6
1 19 68
1 18 21
1 25 69
1 29 32
1 34 72
1 30 29
1 23 52
1 22 31
1 5 46
2 22 53
2 27 6
2 18 69
2 13 3
2 19 21
2 26 69
2 30 32
2 35 72
2 31 29
2 6 47
3 23 53
3 28 6
3 17 70
3 14 4
3 20 32
3 18 22
3 27 69
3 31 32
3 34 71
3 32 29
3 7 48
4 28 7
4 17 69
4 15 4
4 17 23
4 31 33
4 8 49
5 24 55
5 29 8
5 16 70
5 18 23
5 27 68
5 31 34
5 35 71
5 21 54
5 9 49
5 10 65
5 8 76
6 25 56
6 30 8
6 15 70
6 15 5
6 18 24
6 32 35
6 34 70
6 20 55
6 10 49
6 11 65
6 9 76
7 26 57
7 31 8
7 14 70
7 16 5
7 19 35
7 19 25
7 27 67
7 33 35
7 19 55
7 11 49
7 10 66
8 27 57
8 32 8
8 13 71
8 17 5
8 18 25
8 26 66
8 34 35
8 35 70
8 18 55
8 23 28
8 12 49
8 11 67
9 28 58
9 32 7
9 14 72
9 18 5
9 25 67
9 34 69
9 24 28
9 13 49
9 12 67
10 29 58
10 33 7
10 13 73
10 17 6
10 30 7
10 26 67
10 36 35
10 33 70
10 35 27
10 24 29
10 14 50
10 13 67
11 30 59
11 32 6
11 18 7
11 31 6
11 33 71
11 36 28
11 23 30
11 13 51
11 14 67
11 6 2
12 31 59
12 33 6
12 19 7
12 30 5
12 18 38
12 24 67
12 32 72
12 23 31
12 13 52
12 15 67
12 7 3
12 26 58
13 32 59
13 34 6
13 20 7
13 31 5
13 19 38
13 25 68
13 38 27
13 22 30
13 13 53
13 16 68
13 8 3
13 27 58
13 12 63
14 31 60
14 34 5
14 11 70
14 19 8
14 26 68
14 33 74
14 37 28
14 21 31
14 12 53
14 17 68
14 26 59
14 13 63
15 30 60
15 33 4
15 10 71
15 20 9
15 33 4
15 33 75
15 20 32
15 18 68
15 9 3
15 27 60
15 14 63
16 29 61
16 34 4
16 10 72
16 20 10
16 24 68
16 33 76
16 37 26
16 18 67
16 8 2
16 28 61
16 14 62
17 30 62
17 32 5
17 32 3
17 15 21
17 25 69
17 34 77
17 38 26
17 20 33
17 17 66
17 9 2
17 29 62
17 13 61
18 31 63
18 32 5
18 16 21
18 26 70
18 35 78
18 18 65
18 10 2
18 29 63
18 12 62
19 30 64
19 27 71
19 35 79
19 37 25
19 18 64
19 10 1
19 30 64
19 11 63
20 31 65
20 32 2
20 32 2
20 34 79
20 36 26
20 22 29
20 19 64
20 29 64
20 11 64
21 32 66
21 17 14
21 27 70
21 33 0
21 35 26
21 23 29
21 18 63
21 29 65
21 9 66
22 33 67
22 32 1
22 35 25
22 25 27
22 22 63
22 17 62
22 30 66
23 33 68
23 27 69
23 36 25
23 25 27
23 23 63
23 16 61
23 31 66
24 33 69
24 28 70
24 35 24
24 26 27
24 24 63
24 17 61
24 32 67
25 32 70
25 36 24
25 27 27
25 25 63
25 16 60
25 31 68
25 11 62
26 32 71
26 33 79
26 37 24
26 28 28
26 25 64
26 17 60
26 32 69
26 10 61
27 31 72
27 16 20
27 26 68
27 38 24
27 28 29
27 26 65
27 18 60
27 31 70
27 11 61
28 32 73
28 12 18
28 17 21
28 25 68
28 37 23
28 29 30
28 27 65
28 19 60
28 3 79
28 31 71
28 16 34
28 11 60
29 32 74
29 15 69
29 13 19
29 25 69
29 38 23
29 30 30
29 28 65
29 20 61
29 30 72
29 15 35
29 9 60
30 15 69
30 19 21
30 25 70
30 37 22
30 31 30
30 28 66
30 21 61
30 11 53
30 16 36
30 9 60
31 31 75
31 15 69
31 18 22
31 26 71
31 38 22
31 32 30
31 27 67
31 11 54
31 30 71
31 17 36
31 9 59
32 32 75
32 15 68
32 20 35
32 27 72
32 37 21
32 26 67
32 21 62
32 12 55
32 5 76
32 29 72
32 9 58
33 14 68
33 31 73
33 36 22
33 34 30
33 11 55
33 4 77
33 9 57
34 13 69
34 28 71
34 36 23
34 35 30
34 25 67
34 20 62
34 10 56
34 30 73
34 10 57
35 13 68
35 19 32
35 29 71
35 36 21
35 36 30
35 12 52
35 12 52
36 28 72
36 11 68
36 19 35
36 28 72
36 36 21
36 37 30
36 2 5
36 21 60
36 12 52
36 12 52
37 28 73
37 32 70
37 11 68
37 19 35
37 29 70
37 32 70
37 36 21
37 38 30
37 3 5
37 21 60
37 15 36
38 32 70
38 9 68
38 30 70
38 32 70
38 36 21
38 37 31
38 4 5
38 27 74
38 22 60
38 18 14
38 8 73
38 31 72
39 29 73
39 32 70
39 9 69
39 19 35
39 30 69
39 32 70
39 36 21
39 38 32
39 4 6
39 22 61
39 17 13
39 29 74
39 12 52
40 29 74
40 31 69
40 11 67
40 19 36
40 31 69
40 31 69
40 36 21
40 37 32
40 5 7
40 28 74
40 23 59
40 16 12
40 29 74
40 14 34
40 12 52
41 30 75
41 32 69
41 10 66
41 31 68
41 32 69
41 36 21
41 36 32
41 6 7
41 29 75
41 25 70
41 23 59
41 15 13
41 8 70
41 30 75
41 13 35
41 25 21
42 31 75
42 30 67
42 9 67
42 30 67
42 29 70
42 36 21
42 35 33
42 5 8
42 29 76
42 24 59
42 15 14
42 12 52
42 28 75
42 12 34
42 24 22
43 32 75
43 31 67
43 10 68
43 31 67
43 29 70
43 36 21
43 35 34
43 6 9
43 28 76
43 25 59
43 9 70
43 28 76
43 11 34
43 25 23
44 33 75
44 33 68
44 9 68
44 30 66
44 29 71
44 36 21
44 34 34
44 7 10
44 27 76
44 24 72
44 26 59
44 13 14
44 8 69
44 27 76
44 10 34
44 24 24
45 33 76
45 33 68
45 8 68
45 11 22
45 22 29
45 31 66
45 28 70
45 36 21
45 33 35
45 8 10
45 26 75
45 27 60
45 36 31
45 9 66
45 7 70
45 26 75
45 10 33
45 25 25
46 34 77
46 33 69
46 7 66
46 32 66
46 36 21
46 33 36
46 9 10
46 25 76
46 24 73
46 28 61
46 14 14
46 35 31
46 9 66
46 25 76
46 10 32
46 26 26
47 35 78
47 33 70
47 7 66
47 33 67
47 36 21
47 32 36
47 10 11
47 24 77
47 29 61
47 15 15
47 33 30
47 10 65
47 11 32
47 27 26
48 35 79
48 32 71
48 8 66
48 32 69
48 36 21
48 31 36
48 11 11
48 24 78
48 28 62
48 33 30
48 10 65
48 24 76
48 12 32
48 24 55
48 26 27
49 32 76
49 33 71
49 9 66
49 32 69
49 32 69
49 36 21
49 30 37
49 12 12
49 24 79
49 22 70
49 28 63
49 32 31
49 10 65
49 15 28
49 9 66
49 23 77
49 13 33
49 22 41
49 24 56
49 27 28
50 32 76
50 33 72
50 8 65
50 11 26
50 33 72
50 29 70
50 36 21
50 30 38
50 13 12
50 24 0
50 23 70
50 28 64
50 31 31
50 9 65
50 14 29
50 7 65
50 23 78
50 12 33
50 23 42
50 25 57
50 26 29
51 32 76
51 33 73
51 7 65
51 12 27
51 33 73
51 29 70
51 36 21
51 30 39
51 25 1
51 22 69
51 27 66
51 19 12
51 30 31
51 9 64
51 14 30
51 7 65
51 23 79
51 11 31
51 26 57
52 25 72
52 32 76
52 33 74
52 6 66
52 23 23
52 34 72
52 28 71
52 36 21
52 29 40
52 15 12
52 26 1
52 23 69
52 13 13
52 27 66
52 20 12
52 28 33
52 8 63
52 15 31
52 6 67
52 23 0
52 11 31
52 22 42
52 27 57
52 26 28
53 26 72
53 33 3
53 33 75
53 6 67
53 35 71
53 29 72
53 36 21
53 28 41
53 27 1
53 24 69
53 27 67
53 21 13
53 29 32
53 16 32
53 6 67
53 24 1
53 12 31
53 23 43
53 27 58
54 27 72
54 33 3
54 32 76
54 5 66
54 13 30
54 35 70
54 27 72
54 36 21
54 27 42
54 28 2
54 25 69
54 27 68
54 22 13
54 28 34
54 9 63
54 16 33
54 5 66
54 25 2
54 11 30
54 28 58
55 26 73
55 33 3
55 33 76
55 12 29
55 24 20
55 34 69
55 26 73
55 36 21
55 26 42
55 28 3
55 26 69
55 14 12
55 27 69
55 23 13
55 28 32
55 17 36
55 4 65
55 26 2
55 15 5
55 12 29
55 29 58
55 29 27
56 25 74
56 33 3
56 32 75
56 4 65
56 14 27
56 33 69
56 25 74
56 36 21
56 26 41
56 18 9
56 28 4
56 27 70
56 27 70
56 24 13
56 28 33
56 17 36
56 27 2
56 16 5
56 12 33
56 21 42
56 29 57
56 30 28
57 24 74
57 34 4
57 32 74
57 5 65
57 14 27
57 34 70
57 24 74
57 36 21
57 27 40
57 27 71
57 13 10
57 26 70
57 25 13
57 28 34
57 17 36
57 4 65
57 27 3
57 13 33
57 21 43
57 30 57
57 31 28
58 23 75
58 32 73
58 6 65
58 14 26
58 27 18
58 35 71
58 23 76
58 36 21
58 28 39
58 29 5
58 26 71
58 14 10
58 26 71
58 27 35
58 17 36
58 6 65
58 29 5
58 16 4
58 13 33
58 29 58
58 32 28
59 23 76
59 34 72
59 27 19
59 34 72
59 23 76
59 36 21
59 29 39
59 25 71
59 25 71
59 25 12
59 26 34
59 17 36
59 29 5
59 17 4
59 13 34
59 30 59
59 32 29
60 22 77
60 33 75
60 33 71
60 22 78
60 36 21
60 29 43
60 29 5
60 24 71
60 24 71
60 26 13
60 27 34
60 17 36
60 12 34
60 31 59
60 31 29
61 22 78
61 33 75
61 16 27
61 32 72
61 22 78
61 36 21
61 29 43
61 23 72
61 24 70
61 26 33
61 7 71
61 17 36
61 19 3
61 11 34
61 31 60
61 30 29
62 22 79
62 33 76
62 16 27
62 31 71
62 22 76
62 36 21
62 22 73
62 23 70
62 27 33
62 17 36
62 20 3
62 10 34
62 30 60
62 28 30
63 23 0
63 31 77
63 16 27
63 30 71
63 35 18
63 21 77
63 36 21
63 29 43
63 27 0
63 22 74
63 22 71
63 25 11
63 26 32
63 17 36
63 25 3
63 21 3
63 10 33
63 31 59
63 28 30
64 24 0
64 32 1
64 32 76
64 16 26
64 29 72
64 36 19
64 21 78
64 36 21
64 29 43
64 28 79
64 22 75
64 22 70
64 27 32
64 6 72
64 17 36
64 24 4
64 22 3
64 11 32
64 32 59
64 27 31
65 23 1
65 31 76
65 16 25
65 29 71
65 37 19
65 21 79
65 36 21
65 29 43
65 21 76
65 23 69
65 26 30
65 9 77
65 17 36
65 24 5
65 23 4
65 12 32
65 30 59
65 26 30
66 24 2
66 17 25
66 25 73
66 30 70
66 38 20
66 22 0
66 36 21
66 30 43
66 20 75
66 17 7
66 24 69
66 27 30
66 6 71
66 17 36
66 25 6
66 23 5
66 12 33
66 30 59
66 27 30
67 24 3
67 16 24
67 25 73
67 31 69
67 37 20
67 21 1
67 36 21
67 31 44
67 24 3
67 21 75
67 18 7
67 25 69
67 24 26
67 6 71
67 17 37
67 24 6
67 11 31
67 29 58
67 24 26
68 23 2
68 15 24
68 25 73
68 26 69
68 36 21
68 21 2
68 36 21
68 32 45
68 23 2
68 21 74
68 19 7
68 26 69
68 22 7
68 24 26
68 6 71
68 17 37
68 12 31
68 28 58
68 24 26
69 21 4
69 14 24
69 25 71
69 31 69
69 35 20
69 20 3
69 35 20
69 33 46
69 22 5
69 19 74
69 20 7
69 25 70
69 24 26
69 6 71
69 11 31
69 27 58
70 21 4
70 13 25
70 31 69
70 36 20
70 21 4
70 36 20
70 34 47
70 22 5
70 20 6
70 25 71
70 20 6
70 6 71
70 7 59
70 26 6
70 12 32
70 26 59
71 21 5
71 12 25
71 24 73
71 31 65
71 35 19
71 19 2
71 34 20
71 34 48
71 20 5
71 24 72
71 6 71
71 6 60
71 11 32
71 27 60
72 31 65
72 11 24
72 25 74
72 29 65
72 34 20
72 20 2
72 34 20
72 34 49
72 17 73
72 24 73
72 6 71
72 11 30
72 32 35
72 28 61
73 12 23
73 24 74
73 29 65
73 33 21
73 21 3
73 34 19
73 34 50
73 16 74
73 24 74
73 21 13
73 6 71
73 12 34
73 27 67
73 26 1
73 11 30
73 32 35
73 29 61
74 13 23
74 24 73
74 29 65
74 33 20
74 34 19
74 33 50
74 15 75
74 24 73
74 22 13
74 6 71
74 13 34
74 27 68
74 27 1
74 13 34
74 32 35
74 30 62
75 31 65
75 14 23
75 25 72
75 28 65
75 32 19
75 34 19
75 32 51
75 16 76
75 23 13
75 23 29
75 6 71
75 26 2
75 26 2
75 12 33
75 32 35
75 31 63
76 31 65
76 15 23
76 27 65
76 33 19
76 21 2
76 34 19
76 31 50
76 27 3
76 16 77
76 23 14
76 24 29
76 6 71
76 27 0
76 27 0
76 33 35
76 30 64
76 22 23
77 29 64
77 16 23
77 34 19
77 21 1
77 34 19
77 32 50
77 22 64
77 28 4
77 17 78
77 23 79
77 24 15
77 6 71
77 28 79
77 28 79
77 34 35
77 29 64
78 29 63
78 23 72
78 33 18
78 21 2
78 35 28
78 31 49
78 23 64
78 29 5
78 18 79
78 23 79
78 25 16
78 23 32
78 6 71
78 29 78
78 29 78
78 33 36
78 21 2
79 27 2
79 22 71
79 34 18
79 22 3
79 35 28
79 32 49
79 22 65
79 30 5
79 19 79
79 24 79
79 22 71
79 25 17
79 23 32
79 6 71
79 30 78
79 30 78
79 32 37
79 19 1
80 28 3
80 29 62
80 22 70
80 29 62
80 35 18
80 35 28
80 32 48
80 8 1
80 31 5
80 20 0
80 23 78
80 24 71
80 24 17
80 22 32
80 6 71
80 31 78
80 31 78
80 33 38
80 18 2
81 27 3
81 28 65
81 28 62
81 34 17
81 23 4
81 38 29
81 33 48
81 21 63
81 9 2
81 32 5
81 21 0
81 24 78
81 23 18
81 21 31
81 6 71
81 24 63
81 31 77
81 31 77
81 34 38
81 17 3
82 28 65
82 27 61
82 35 17
82 38 29
82 32 47
82 22 63
82 10 2
82 32 6
82 22 78
82 22 78
82 23 19
82 22 31
82 6 71
82 25 63
82 33 0
82 24 3
82 34 39
82 18 4
82 28 64
83 28 4
83 23 65
83 28 65
83 28 61
83 36 17
83 23 4
83 38 29
83 33 47
83 23 65
83 9 3
83 33 7
83 22 78
83 22 78
83 25 20
83 20 33
83 6 71
83 25 64
83 25 3
83 25 3
83 34 40
83 18 5
83 28 65
84 28 4
84 27 66
84 27 60
84 35 16
84 23 4
84 37 29
84 12 75
84 31 49
84 8 4
84 32 8
84 24 2
84 24 2
84 25 20
84 20 33
84 6 71
84 25 3
84 25 3
84 17 5
84 27 65
85 28 5
85 26 60
85 34 16
85 24 3
85 35 29
85 12 76
85 31 49
85 26 62
85 7 3
85 31 8
85 25 1
85 25 1
85 25 71
85 25 19
85 20 34
85 6 71
85 26 62
85 25 1
85 25 1
85 34 41
85 16 6
85 26 66
86 28 6
86 33 17
86 24 2
86 35 29
86 13 77
86 32 49
86 8 3
86 30 8
86 21 1
86 26 2
86 25 71
86 25 20
86 20 35
86 6 71
86 25 61
86 26 2
86 26 2
86 34 42
86 15 7
87 28 7
87 29 63
87 24 61
87 34 17
87 21 1
87 35 28
87 14 77
87 33 50
87 8 2
87 29 9
87 21 1
87 27 5
87 25 71
87 26 20
87 21 35
87 6 71
87 24 61
87 27 5
87 27 5
87 33 43
87 16 8
88 29 8
88 29 62
88 34 18
88 21 1
88 34 34
88 15 77
88 32 51
88 10 1
88 29 10
88 21 1
88 27 5
88 25 71
88 25 21
88 21 36
88 6 71
88 27 5
88 27 5
88 34 44
88 17 8
88 26 65
89 28 8
89 30 62
89 16 44
89 35 19
89 25 3
89 34 34
89 16 77
89 33 52
89 10 1
89 29 11
89 21 1
89 27 5
89 23 68
89 24 22
89 22 37
89 6 71
89 25 3
89 27 5
89 34 45
89 18 8
90 28 9
90 31 63
90 17 44
90 36 19
90 25 3
90 35 34
90 17 77
90 32 53
90 9 0
90 29 12
90 21 1
90 27 6
90 23 68
90 25 23
90 22 37
90 6 71
90 25 3
90 27 6
90 33 44
90 19 9
91 27 10
91 29 61
91 18 44
91 37 19
91 25 5
91 32 31
91 17 78
91 32 54
91 10 0
91 30 13
91 20 0
91 27 7
91 24 24
91 22 38
91 6 71
91 5 41
91 25 5
91 27 7
91 31 46
91 20 9
92 28 11
92 30 60
92 19 44
92 36 20
92 25 5
92 32 31
92 17 79
92 31 55
92 11 0
92 31 13
92 19 1
92 27 8
92 24 23
92 23 39
92 6 71
92 4 41
92 26 6
92 27 8
92 31 46
92 19 10
93 27 12
93 18 45
93 35 20
93 26 6
93 32 30
93 18 0
93 30 56
93 12 0
93 32 13
93 19 2
93 27 9
93 23 68
93 21 38
93 6 71
93 30 59
93 3 41
93 26 6
93 29 9
93 31 47
93 19 11
94 28 13
94 18 46
94 34 20
94 26 7
94 32 31
94 18 1
94 30 57
94 12 1
94 33 14
94 18 2
94 26 10
94 23 68
94 21 38
94 6 71
94 31 59
94 2 42
94 26 7
94 29 9
94 32 48
94 18 12
95 29 14
95 18 47
95 33 21
95 26 8
95 32 31
95 17 2
95 29 57
95 14 3
95 33 15
95 18 3
95 27 11
95 23 68
95 20 39
95 6 71
95 31 60
95 3 43
95 4 24
95 26 8
95 29 10
95 33 48
96 30 14
96 19 48
96 33 20
96 26 9
96 17 3
96 28 56
96 14 3
96 34 16
96 17 4
96 26 11
96 24 68
96 19 40
96 4 5
96 6 71
96 16 45
96 4 23
96 26 9
96 29 11
96 34 49
96 17 13
97 31 14
97 6 71
97 32 19
97 25 10
97 16 4
97 15 3
97 35 16
97 17 5
97 25 11
97 25 67
97 24 16
97 20 41
97 4 6
97 24 6
97 6 71
97 17 45
97 3 22
97 25 10
97 29 12
97 33 50
98 32 14
98 11 73
98 32 18
98 24 11
98 32 31
98 16 5
98 30 55
98 14 4
98 35 17
98 17 6
98 24 11
98 26 68
98 19 41
98 4 7
98 25 7
98 9 77
98 17 46
98 4 22
98 25 8
98 28 14
98 32 50
98 16 12
99 33 15
99 11 73
99 33 18
99 16 6
99 29 56
99 13 5
99 35 18
99 18 7
99 24 10
99 24 66
99 20 41
99 4 8
99 24 8
99 9 77
99 2 24
99 24 9
99 28 14
99 31 50
99 17 13
100 34 15
100 16 46
100 11 73
100 34 19
100 24 12
100 32 31
100 17 7
100 14 5
100 34 19
100 17 7
100 24 66
100 19 41
100 3 8
100 9 77
100 17 47
100 2 24
100 29 15
100 30 50
100 30 54
101 33 16
101 16 47
101 34 17
101 24 12
101 32 31
101 16 7
101 15 5
101 34 17
101 24 12
101 24 66
101 19 42
101 2 7
101 9 77
101 4 46
101 16 47
101 2 23
101 31 49
102 33 17
102 15 47
102 6 76
102 32 17
102 32 31
102 15 6
102 15 6
102 33 17
102 15 6
102 24 66
102 20 43
102 3 7
102 10 77
102 17 49
102 2 22
102 31 15
103 34 17
103 14 47
103 6 76
103 32 18
103 32 31
103 14 6
103 29 54
103 14 6
103 34 17
103 17 9
103 24 66
103 21 43
103 2 6
103 11 77
103 17 49
103 1 21
103 17 57
103 31 49
103 15 10
104 34 18
104 13 48
104 6 76
104 32 19
104 32 31
104 14 8
104 30 55
104 16 4
104 34 18
104 24 66
104 21 42
104 3 6
104 12 77
104 18 49
104 2 21
104 18 58
104 32 16
105 33 19
105 30 55
105 6 76
105 33 19
105 32 31
105 30 55
105 15 4
105 33 19
105 20 6
105 23 65
105 20 41
105 2 5
105 27 10
105 13 78
105 24 76
105 1 20
105 17 59
105 32 16
105 34 47
106 34 20
106 5 77
106 34 20
106 32 31
106 23 55
106 13 3
106 34 20
106 20 6
106 24 66
106 21 40
106 3 5
106 14 78
106 25 75
106 2 20
106 18 60
106 31 17
106 34 47
107 33 18
107 28 53
107 5 78
107 33 18
107 32 31
107 13 3
107 33 18
107 21 6
107 27 10
107 24 66
107 22 41
107 2 4
107 27 10
107 15 79
107 26 75
107 11 52
107 2 19
107 19 60
107 30 17
107 34 49
108 33 17
108 17 45
108 4 79
108 33 17
108 32 31
108 20 2
108 10 0
108 33 17
108 22 7
108 24 66
108 3 4
108 16 79
108 27 75
108 3 19
108 20 61
108 29 17
108 34 49
109 34 17
109 3 0
109 34 17
109 32 31
109 20 2
109 23 53
109 11 0
109 34 17
109 24 66
109 2 3
109 27 9
109 17 0
109 28 75
109 4 19
109 21 62
109 29 16
109 34 49
109 20 2
110 35 20
110 27 51
110 15 45
110 4 1
110 35 17
110 27 9
110 32 31
110 21 3
110 24 53
110 11 0
110 35 17
110 24 66
110 1 4
110 17 1
110 28 75
110 18 46
110 5 19
110 22 63
110 30 16
110 34 49
110 18 2
110 32 50
111 35 19
111 16 46
111 5 2
111 35 19
111 27 9
111 32 31
111 22 3
111 25 54
111 12 0
111 35 19
111 24 66
111 1 5
111 18 2
111 27 75
111 17 47
111 6 20
111 23 63
111 34 49
111 18 2
112 35 20
112 25 50
112 16 45
112 6 2
112 35 17
112 32 31
112 26 54
112 11 0
112 35 18
112 24 66
112 1 6
112 16 0
112 26 75
112 16 48
112 7 21
112 23 64
112 31 16
112 16 0
113 37 25
113 24 51
113 6 3
113 30 15
113 32 31
113 24 2
113 27 54
113 10 0
113 30 15
113 22 5
113 24 66
113 22 37
113 1 3
113 16 0
113 25 75
113 16 49
113 8 21
113 24 65
113 30 15
113 16 0
114 37 24
114 25 52
114 4 3
114 35 16
114 32 31
114 25 3
114 27 53
114 10 1
114 35 16
114 22 5
114 24 66
114 1 3
114 16 0
114 24 76
114 9 45
114 17 49
114 24 66
114 16 0
115 37 24
115 24 52
115 14 46
115 4 3
115 34 16
115 32 31
115 28 51
115 9 2
115 34 16
115 26 66
115 1 3
115 16 0
115 23 75
115 8 46
115 18 49
115 8 22
115 23 65
115 28 15
115 16 0
116 37 24
116 23 52
116 15 45
116 3 2
116 33 15
116 32 31
116 24 4
116 28 51
116 8 1
116 33 15
116 26 66
116 1 2
116 16 0
116 22 76
116 8 44
116 19 50
116 9 22
116 22 66
116 27 14
116 16 0
117 37 25
117 22 52
117 16 46
117 2 2
117 32 14
117 32 30
117 30 54
117 32 14
117 26 66
117 2 2
117 16 0
117 22 77
117 9 44
117 19 51
117 10 22
117 22 67
117 26 14
117 16 0
118 38 26
118 17 46
118 1 1
118 27 13
118 32 31
118 24 4
118 30 54
118 8 2
118 27 13
118 26 66
118 1 1
118 22 78
118 8 45
118 19 51
118 23 68
118 25 14
118 15 55
119 37 26
119 18 47
119 2 1
119 27 13
119 32 31
119 24 4
119 30 54
119 7 1
119 27 13
119 26 66
119 2 1
119 22 79
119 9 45
119 19 51
119 23 69
119 25 13
119 16 57
