102
102
102
138
138
138
138
138
138
138
138
138
138
138
138
138
138
138
138
138
87
87
87
87
92
92
106
106
106
106
106
75
75
130
130
130
130
143
91
143
188
91
143
188
188
188
188
130
130
130
91
130
91
130
143
130
91
143
130
188
130
143
188
143
91
143
130
143
130
91
143
143
130
188
143
91
91
130
143
91
91
143
188
91
188
130
91
188
143
130
143
188
91
143
91
188
188
143
91
130
91
91
188
91
188
188
143
188
143
130
143
130
91
188
91
165
165
165
165
165
165
165
165
165
165
165
165
165
165
165
165
165
165
165
165
165
165
165
165
165
165
165
165
165
165
165
165
165
165
165
165
165
165
165
165
165
165
165
165
165
165
165
165
165
165
165
165
165
165
165
165
165
165
165
165
165
165
165
173
173
173
173
173
173
173
173
173
173
173
173
173
173
173
173
173
173
173
173
173
173
173
173
173
173
173
173
173
173
173
173
173
173
173
173
173
173
173
173
173
173
173
173
173
173
173
173
173
173
173
173
173
173
173
173
173
173
173
173
173
173
173
173
173
173
173
173
173
173
173
173
173
173
173
173
173
173
173
173
173
173
173
173
173
173
173
173
173
173
173
173
173
173
173
173
173
173
173
173
173
173
173
173
173
173
173
173
173
173
173
173
173
173
173
173
173
173
173
173
173
173
173
173
173
173
173
173
173
173
173
173
173
173
173
173
173
173
173
173
173
173
173
173
173
173
173
173
173
173
173
173
173
173
173
173
173
173
173
173
173
173
173
173
173
173
173
173
173
173
173
173
173
173
173
173
70
70
70
70
70
70
70
190
190
190
190
190
190
190
190
190
190
190
190
190
190
190
190
190
190
190
190
179
179
179
179
179
71
71
71
71
71
71
71
138
138
138
138
138
138
138
138
138
138
138
138
138
138
138
138
138
156
156
156
156
156
156
156
156
156
156
156
156
156
43
43
43
43
43
43
43
43
43
43
43
43
43
154
154
154
154
154
154
154
154
154
154
154
154
154
154
154
154
154
154
154
131
131
144
144
144
144
144
49
49
49
49
98
98
98
98
98
98
49
49
49
49
49
52
52
195
195
195
195
195
195
195
195
195
195
195
195
195
195
195
195
195
195
179
179
179
179
76
88
103
103
103
103
103
103
103
103
103
103
105
105
105
105
105
105
105
105
105
105
105
105
105
105
105
105
105
105
105
105
105
105
105
188
188
188
188
